100 95 93
100 88 75
95 94 71
100 88 71
90 94 70
85 93 69
85 70 81
95 91 64
85 83 70
90 86 63
100 81 66
100 88 61
85 96 61
90 86 68
95 81 58
75 86 60
85 81 76
85 69 77
80 94 44
90 68 63
90 71 61
90 48 73
70 78 57
95 61 78
95 96 59
85 81 53
80 73 72
90 73 55
100 74 64
85 68 56
100 80 51
100 71 62
95 62 68
70 70 55
90 70 50
100 69 79
85 68 55
80 69 46
100 67 45
90 64 53
95 55 47
70 76 52
50 84 69
95 73 46
80 56 53
80 60 52
100 47 66
85 50 61
80 58 52
0 82 74
50 69 50
35 70 51
100 51 39
85 58 55
85 70 39
100 57 47
85 48 54
85 68 69
90 42 52
90 67 28
90 63 46
65 57 49
65 55 35
85 54 41
90 62 31
80 46 39
95 65 28
85 28 44
75 47 52
70 56 40
70 55 47
65 72 49
80 45 41
40 63 57
80 53 36
75 45 42
50 69 32
22 77 30
0 58 49
85 52 42
85 56 30
55 46 47
25 72 35
55 40 57
35 48 51
85 45 49
100 43 54
85 16 58
45 52 47
75 63 43
40 50 35
75 43 40
80 49 26
60 50 30
90 37 53
40 50 53
85 41 17
100 45 42
0 68 57
0 50 43
60 47 44
40 48 53
85 42 35
75 61 33
55 52 42
35 54 38
80 20 36
75 63 0
45 37 57
85 44 31
90 32 22
80 37 37
50 56 16
0 55 50
20 26 40
15 60 38
75 44 0
40 46 26
32 29 43
15 43 25
75 25 36
25 41 12
70 35 20
50 42 0
42 32 0
55 24 0
20 44 12
65 15 13
0 39 19