89 90 88
95 85 83
65 75 84
82 65 72
73 70 69
81 75 58
70 85 62
99 82 50
93 32 70
73 97 49
89 50 62
83 90 51
75 70 54
79 90 45
83 75 50
81 75 49
65 72 62
81 65 52
85 75 48
67 90 46
87 70 44
73 60 55
90 52 44
64 80 46
71 70 47
52 57 61
77 80 37
56 60 55
85 65 38
47 65 55
69 35 48
58 52 44
54 45 45
62 37 47
80 75 24
60 35 50
55 57 38
54 67 28
57 27 45
54 45 40
65 65 26
72 40 39
41 70 36
73 62 29
32 72 35
54 42 39
39 55 36
38 40 45
49 59 34
67 10 47
86 50 23
54 57 31
53 45 34
78 30 33
71 0 46
75 55 21
54 32 36
52 40 33
55 35 33
65 15 32
30 63 25
38 77 13
23 45 32
73 0 27
59 45 18
28 37 19
48 30 14
42 28 14
20 47 16