91 78 56
73 70 70
84 68 61
90 76 54
93 70 52
89 93 29
90 70 55
82 81 58
90 58 72
93 68 54
85 66 53
98 58 60
89 52 71
98 47 67
91 47 68
86 48 58
88 60 41
86 52 51
91 48 53
100 43 55
97 51 53
98 41 57
83 60 43
89 49 44
92 35 54
70 50 47
86 42 59
86 66 26
83 43 43
60 57 53
84 64 50
71 52 49
100 34 53
76 31 63
73 52 55
85 49 42
44 69 56
85 42 54
58 55 42
100 24 64
57 45 44
90 45 37
91 37 41
85 49 50
85 37 54
93 36 46
83 52 42
57 43 41
87 24 60
94 25 39
93 43 42
65 53 32
81 39 41
66 48 50
88 35 41
71 48 33
92 34 39
84 40 32
73 52 47
43 47 35
86 47 32
94 31 53
82 39 43
90 42 34
85 25 43
78 28 51
43 45 39
85 47 42
0 45 39
98 23 51
81 37 41
42 49 24
60 28 47
35 48 32
85 20 36
85 26 25
85 37 35
0 46 19
56 23 44
30 42 33
65 34 30
25 47 47
89 18 23
83 18 28
87 41 17
66 26 31
93 37 10
15 48 42
34 35 28
41 17 35
58 24 27
40 34 21
72 26 12
68 14 33
32 35 27