100 100 92
100 100 89
92 100 87
94 100 86
100 100 81
95 100 80
95 90 84
87 100 81
80 100 83
93 100 74
97 85 78
97 75 79
80 100 75
96 85 73
60 100 81
100 100 65
89 100 69
93 100 67
100 100 64
90 100 67
95 100 64
87 100 64
80 100 65
96 100 58
77 100 62
60 100 72
95 85 62
85 100 60
97 100 53
97 100 52
100 100 50
80 100 58
90 80 53
95 100 51
60 100 61
85 70 65
80 95 55
65 85 63
85 100 49
100 100 42
60 100 58
90 100 46
0 100 79
85 95 46
72 70 61
55 70 63
86 85 48
65 80 56
20 100 63
0 100 71
85 100 37
82 100 32
88 100 35
0 95 69
66 35 64
70 75 46
0 100 64
75 100 31
10 80 65
25 0 85
93 0 52
30 100 44
55 10 68